-4.089936828613281250e+01 0.000000000000000000e+00 0.000000000000000000e+00
-3.885439987182617472e+01 0.000000000000000000e+00 0.000000000000000000e+00
-3.680943145751952983e+01 0.000000000000000000e+00 0.000000000000000000e+00
-3.476446304321289205e+01 0.000000000000000000e+00 0.000000000000000000e+00
-3.271949462890624716e+01 0.000000000000000000e+00 0.000000000000000000e+00
-3.067452621459960938e+01 0.000000000000000000e+00 0.000000000000000000e+00
-2.862955780029297159e+01 0.000000000000000000e+00 0.000000000000000000e+00
-2.658458938598633026e+01 0.000000000000000000e+00 0.000000000000000000e+00
-2.453962097167968892e+01 0.000000000000000000e+00 0.000000000000000000e+00
-2.249465255737304759e+01 0.000000000000000000e+00 0.000000000000000000e+00
-2.044968414306640625e+01 0.000000000000000000e+00 0.000000000000000000e+00
-1.840471572875976847e+01 0.000000000000000000e+00 0.000000000000000000e+00
-1.635974731445312713e+01 0.000000000000000000e+00 0.000000000000000000e+00
-1.431477890014648580e+01 0.000000000000000000e+00 0.000000000000000000e+00
-1.226981048583984801e+01 0.000000000000000000e+00 0.000000000000000000e+00
-1.022484207153320668e+01 0.000000000000000000e+00 0.000000000000000000e+00
-8.179873657226565342e+00 0.000000000000000000e+00 0.000000000000000000e+00
-6.134905242919927559e+00 0.000000000000000000e+00 0.000000000000000000e+00
-4.089936828613282671e+00 0.000000000000000000e+00 0.000000000000000000e+00
-2.044968414306644888e+00 0.000000000000000000e+00 0.000000000000000000e+00
0.000000000000000000e+00 0.000000000000000000e+00 0.000000000000000000e+00
2.044968414306637783e+00 0.000000000000000000e+00 0.000000000000000000e+00
4.089936828613275566e+00 0.000000000000000000e+00 0.000000000000000000e+00
6.134905242919920454e+00 0.000000000000000000e+00 0.000000000000000000e+00
8.179873657226558237e+00 0.000000000000000000e+00 0.000000000000000000e+00
1.022484207153319602e+01 0.000000000000000000e+00 0.000000000000000000e+00
1.226981048583984091e+01 0.000000000000000000e+00 0.000000000000000000e+00
1.431477890014647869e+01 0.000000000000000000e+00 0.000000000000000000e+00
1.635974731445311647e+01 0.000000000000000000e+00 0.000000000000000000e+00
1.840471572875976136e+01 0.000000000000000000e+00 0.000000000000000000e+00
2.044968414306639914e+01 0.000000000000000000e+00 0.000000000000000000e+00
2.249465255737304403e+01 0.000000000000000000e+00 0.000000000000000000e+00
2.453962097167968182e+01 0.000000000000000000e+00 0.000000000000000000e+00
2.658458938598631960e+01 0.000000000000000000e+00 0.000000000000000000e+00
2.862955780029295738e+01 0.000000000000000000e+00 0.000000000000000000e+00
3.067452621459960938e+01 0.000000000000000000e+00 0.000000000000000000e+00
3.271949462890624716e+01 0.000000000000000000e+00 0.000000000000000000e+00
3.476446304321288494e+01 0.000000000000000000e+00 0.000000000000000000e+00
3.680943145751952272e+01 0.000000000000000000e+00 0.000000000000000000e+00
3.885439987182616051e+01 0.000000000000000000e+00 0.000000000000000000e+00
4.089936828613281250e+01 0.000000000000000000e+00 0.000000000000000000e+00
